msd_fibsq msd_fibsq

0 4
0 0 -> 0
1 0 -> 16
2 0 -> 2
0 1 -> 13
1 1 -> 8
2 1 -> 9
0 2 -> 2
1 2 -> 15
2 2 -> 4

1 4
0 0 -> 1
1 0 -> 16
2 0 -> 2
0 1 -> 14
1 1 -> 8
2 1 -> 9
0 2 -> 3
1 2 -> 15
2 2 -> 4

2 8
0 0 -> 2
1 0 -> 18
2 0 -> 5
0 1 -> 13
1 1 -> 8
2 1 -> 10
0 2 -> 2
1 2 -> 15
2 2 -> 4

3 8
0 0 -> 3
1 0 -> 18
2 0 -> 5
0 1 -> 14
1 1 -> 8
2 1 -> 10
0 2 -> 3
1 2 -> 15
2 2 -> 4

4 8
0 0 -> 2
1 0 -> 15
2 0 -> 4
0 1 -> 9
1 1 -> 7
2 1 -> 10
0 2 -> 4
1 2 -> 15
2 2 -> 4

5 8
0 0 -> 2
1 0 -> 18
2 0 -> 5
0 1 -> 13
1 1 -> 8
2 1 -> 10
0 2 -> 5
1 2 -> 15
2 2 -> 4

6 2
0 0 -> 1
1 0 -> 16
2 0 -> 2
0 1 -> 14
1 1 -> 8
2 1 -> 13
0 2 -> 3
1 2 -> 18
2 2 -> 5

7 5
0 0 -> 1
1 0 -> 16
0 1 -> 11
1 1 -> 8

8 5
0 0 -> 6
1 0 -> 17
0 1 -> 12
1 1 -> 8

9 9
0 0 -> 0
1 0 -> 16
2 0 -> 2
0 1 -> 13
1 1 -> 8
2 1 -> 9

10 3
0 0 -> 2
1 0 -> 18
2 0 -> 5
0 1 -> 13
1 1 -> 8
2 1 -> 10

11 7
0 0 -> 1
1 0 -> 16
2 0 -> 2
0 1 -> 11
1 1 -> 8
2 1 -> 13

12 7
0 0 -> 6
1 0 -> 17
2 0 -> 2
0 1 -> 12
1 1 -> 8
2 1 -> 13

13 7
0 0 -> 0
1 0 -> 16
2 0 -> 2
0 1 -> 13
1 1 -> 8
2 1 -> 13

14 7
0 0 -> 1
1 0 -> 16
2 0 -> 2
0 1 -> 14
1 1 -> 8
2 1 -> 13

15 1
0 0 -> 1
1 0 -> 16
0 1 -> 14
1 1 -> 8
0 2 -> 3
1 2 -> 15

16 6
0 0 -> 1
1 0 -> 16
0 1 -> 11
1 1 -> 8
0 2 -> 1
1 2 -> 16

17 6
0 0 -> 6
1 0 -> 17
0 1 -> 12
1 1 -> 8
0 2 -> 1
1 2 -> 16

18 0
0 0 -> 1
1 0 -> 16
0 1 -> 14
1 1 -> 8
0 2 -> 3
1 2 -> 18